schema_version: 1
id: 2de6607a-0878-403d-b6e9-a58878907bab
name: New Task
status: planning
created_at: 2026-06-08T03:32:05.640881502+00:00
updated_at: 2026-06-08T03:32:05.640881502+00:00
cards_total: 0
cards_done: 0
cards_failed: 0
agents_active: 0
is_name_generated: false
